Sample_id,Sample_label
1,7
2,9
3,1
4,1
5,1
6,8
7,9
8,7
9,1
10,2
11,1
12,5
13,1
14,4
15,4
16,4
17,2
18,1
19,6
20,2
21,2
22,7
23,1
24,4
25,2
26,4
27,4
28,8
29,9
30,7
31,4
32,1
33,8
34,4
35,4
36,4
37,1
38,1
39,1
40,6
41,1
42,2
43,6
44,6
45,4
46,2
47,2
48,1
49,4
50,4
51,2
52,4
53,4
54,8
55,3
56,9
57,9
58,1
59,9
60,2
61,4
62,1
63,4
64,1
65,4
66,10
67,8
68,4
69,2
70,2
71,1
72,5
73,4
74,7
75,8
76,2
77,2
78,9
79,9
80,4
81,6
82,7
83,8
84,4
85,9
86,1
87,4
88,6
89,8
90,4
91,4
92,2
93,1
94,1
95,5
96,8
97,6
98,4
99,2
100,4
101,1
102,4
103,4
104,6
105,4
106,2
107,8
108,1
109,4
110,4
111,2
112,2
113,1
114,1
115,1
116,7
117,1
118,1
119,1
120,10
121,1
122,1
123,2
124,1
125,5
126,9
127,1
128,1
129,4
130,2
131,5
132,8
133,1
134,4
135,5
136,4
137,6
138,4
139,9
140,10
141,8
142,8
143,7
144,1
145,6
146,8
147,2
148,1
149,5
150,2
151,2
152,4
153,2
154,4
155,4
156,1
157,7
158,8
159,4
160,1
161,7
162,4
163,7
164,6
165,4
166,4
167,4
168,5
169,4
170,4
171,2
172,6
173,8
174,4
175,1
176,2
177,2
178,6
179,10
180,4
181,10
182,8
183,2
184,6
185,2
186,1
187,4
188,4
189,4
190,4
191,4
192,2
193,5
194,9
195,5
196,3
197,2
198,1
199,2
200,1
201,2
202,4
203,7
204,1
205,4
206,2
207,6
208,4
209,5
210,3
211,4
212,4
213,4
214,1
215,1
216,4
217,5
218,2
219,4
220,2
221,4
222,8
223,1
224,8
225,4
226,2
227,1
228,4
229,3
230,1
231,7
232,4
233,4
234,1
235,4
236,1
237,4
238,4
239,1
240,8
241,8
242,1
243,7
244,2
245,5
246,4
247,3
248,2
249,2
250,2
251,1
252,4
253,5
254,3
255,1
256,1
257,1
258,4
259,7
260,4
261,6
262,4
263,1
264,4
265,4
266,4
267,1
268,8
269,1
270,5
271,4
272,2
273,6
274,4
275,8
276,2
277,5
278,2
279,4
280,7
281,4
282,1
283,1
284,6
285,8
286,2
287,4
288,8
289,4
290,1
291,1
292,1
293,10
294,5
295,6
296,4
297,1
298,4
299,1
300,1
301,10
302,1
303,9
304,1
305,4
306,1
307,1
308,1
309,4
310,2
311,8
312,3
313,2
314,4
315,2
316,9
317,9
318,1
319,2
320,1
321,1
322,2
323,8
324,1
325,10
326,8
327,6
328,4
329,4
330,7
331,4
332,7
333,1
334,1
335,1
336,8
337,1
338,8
339,6
340,4
341,4
342,4
343,1
344,2
345,1
346,2
347,7
348,9
349,4
350,2
351,1
352,6
353,2
354,6
355,1
356,1
357,5
358,3
359,5
360,1
361,8
362,4
363,8
364,2
365,4
366,3
367,1
368,2
369,4
370,6
371,4
372,2
373,4
374,8
375,2
376,4
377,2
378,1
379,1
380,1
381,8
382,1
383,8
384,1
385,4
386,4
387,3
388,1
389,1
390,2
391,4
392,1
393,6
394,1
395,4
396,7
397,1
398,4
399,8
400,8
401,2
402,2
403,4
404,1
405,2
406,2
407,2
408,4
409,1
410,1
411,1
412,4
413,8
414,8
415,2
416,1
417,9
418,1
419,4
420,4
421,7
422,4
423,7
424,4
425,1
426,4
427,2
428,4
429,6
430,2
431,6
432,10
433,1
434,4
435,8
436,1
437,3
438,9
439,4
440,10
441,4
442,6
443,5
444,8
445,4
446,3
447,1
448,9
449,9
450,1
451,1
452,4
453,1
454,7
455,4
456,7
457,3
458,4
459,7
460,5
461,4
462,1
463,7
464,1
465,8
466,1
467,1
468,1
469,2
470,8
471,7
472,1
473,2
474,1
475,2
476,10
477,4
478,6
479,4
480,6
481,4
482,4
483,4
484,9
485,4
486,3
487,1
488,1
489,7
490,7
491,4
492,4
493,1
494,6
495,2
496,4
497,3
498,4
499,8
500,1
501,4
502,1
503,8
504,1
505,9
506,2
507,1
508,8
509,6
510,1
511,4
512,4
513,1
514,2
515,9
516,4
517,2
518,4
519,1
520,7
521,3
522,7
523,8
524,1
525,1
526,8
527,5
528,4
529,4
530,6
531,2
532,8
533,4
534,4
535,1
536,1
537,1
538,1
539,3
540,4
541,4
542,3
543,4
544,4
545,3
546,2
547,2
548,8
549,5
550,4
551,4
552,4
553,8
554,4
555,8
556,2
557,1
558,4
559,4
560,4
561,1
562,4
563,2
564,9
565,7
566,1
567,4
568,10
569,2
570,4
571,8
572,10
573,1
574,1
575,4
576,3
577,4
578,1
579,4
580,2
581,6
582,4
583,1
584,5
585,4
586,5
587,1
588,1
589,2
590,1
591,1
592,6
593,1
594,4
595,7
596,1
597,9
598,1
599,4
600,4
601,8
602,4
603,2
604,5
605,9
606,5
607,2
608,8
609,2
610,2
611,8
612,1
613,6
614,9
615,5
616,6
617,4
618,1
619,2
620,1
621,4
622,1
623,1
624,7
625,2
626,6
627,4
628,1
629,6
630,4
631,4
632,1
633,2
634,2
635,4
636,4
637,3
638,1
639,1
640,6
641,2
642,4
643,8
644,8
645,1
646,1
647,2
648,4
649,4
650,1
651,3
652,2
653,6
654,4
655,2
656,8
657,4
658,4
659,5
660,4
661,6
662,1
663,4
664,4
665,4
666,5
667,9
668,1
669,9
670,8
671,1
672,4
673,2
674,1
675,8
676,1
677,1
678,1
679,1
680,1
681,1
682,1
683,1
684,4
685,4
686,6
687,5
688,4
689,2
690,1
691,1
692,4
693,2
694,2
695,6
696,5
697,1
698,6
699,4
700,4
701,2
702,2
703,1
704,4
705,4
706,2
707,1
708,6
709,2
710,1
711,1
712,2
713,1
714,1
715,7
716,7
717,1
718,9
719,1
720,2
721,6
722,4
723,4
724,2
725,2
726,1
727,5
728,4
729,1
730,4
731,1
732,4
733,6
734,4
735,8
736,1
737,4
738,2
739,4
740,1
741,4
742,6
743,4
744,8
745,4
746,3
747,4
748,4
749,4
750,8
751,8
752,3
753,2
754,4
755,4
756,6
757,7
758,7
759,8
760,1
761,1
762,1
763,1
764,4
765,1
766,4
767,1
768,4
769,8
770,1
771,7
772,1
773,2
774,1
775,5
776,4
777,1
778,6
779,1
780,5
781,1
782,7
783,1
784,9
785,1
786,1
787,2
788,3
789,10
790,1
791,1
792,8
793,8
794,3
795,2
796,1
797,4
798,8
799,1
800,5
801,1
802,7
803,4
804,4
805,1
806,7
807,4
808,1
809,8
810,2
811,6
812,7
813,2
814,1
815,2
816,1
817,4
818,4
819,6
820,4
821,2
822,2
823,2
824,1
825,4
826,4
827,7
828,2
829,10
830,2
831,8
832,5
833,8
834,8
835,8
836,2
837,1
838,4
839,6
840,8
841,2
842,2
843,1
844,6
845,9
846,4
847,1
848,6
849,10
850,4
851,4
852,1
853,2
854,4
855,5
856,4
857,1
858,6
859,9
860,6
861,1
862,2
863,2
864,1
865,2
866,9
867,1
868,4
869,9
870,2
871,1
872,4
873,1
874,1
875,4
876,4
877,4
878,5
879,5
880,8
881,2
882,4
883,4
884,2
885,8
886,6
887,4
888,1
889,4
890,4
891,4
892,4
893,4
894,5
895,1
896,1
897,4
898,4
899,2
900,4
901,8
902,2
903,2
904,8
905,8
906,4
907,4
908,8
909,1
910,2
911,1
912,5
913,1
914,1
915,1
916,9
917,1
918,4
919,4
920,1
921,8
922,1
923,1
924,4
925,4
926,3
927,1
928,6
929,9
930,2
931,2
932,1
933,2
934,2
935,4
936,1
937,1
938,5
939,4
940,6
941,5
942,3
943,4
944,3
945,2
946,2
947,4
948,4
949,2
950,4
951,4
952,1
953,1
954,4
955,7
956,4
957,8
958,9
959,1
960,4
961,2
962,2
963,4
964,1
965,6
966,8
967,4
968,6
969,4
970,2
971,4
972,2
973,1
974,9
975,3
976,3
977,4
978,2
979,2
980,6
981,2
982,1
983,1
984,4
985,4
986,1
987,4
988,10
989,4
990,2
991,4
992,1
993,2
994,1
995,4
996,4
997,6
998,4
999,2
1000,1
1001,1
1002,8
1003,4
1004,9
1005,2
1006,1
1007,1
1008,2
1009,1
1010,8
1011,1
1012,4
1013,7
1014,1
1015,4
1016,8
1017,1
1018,1
1019,1
1020,2
1021,1
1022,3
1023,1
1024,5
1025,4
1026,3
1027,4
1028,4
1029,1
1030,7
1031,9
1032,2
1033,4
1034,1
1035,2
1036,4
1037,6
1038,4
1039,1
1040,6
1041,4
1042,2
1043,6
1044,4
1045,9
1046,4
1047,2
1048,3
1049,6
1050,1
1051,1
1052,1
1053,2
1054,7
1055,2
1056,4
1057,5
1058,2
1059,4
1060,1
1061,5
1062,2
1063,1
1064,2
1065,9
1066,1
1067,9
1068,4
1069,1
1070,3
1071,4
1072,4
1073,4
1074,1
1075,4
1076,9
1077,4
1078,8
1079,4
1080,4
1081,1
1082,2
1083,1
1084,2
1085,1
1086,1
1087,2
1088,4
1089,7
1090,6
1091,1
1092,6
1093,4
1094,6
1095,4
1096,1
1097,2
1098,8
1099,1
1100,5
1101,2
1102,9
1103,2
1104,1
1105,2
1106,4
1107,4
1108,6
1109,2
1110,1
1111,4
1112,2
1113,6
1114,4
1115,8
1116,6
1117,3
1118,9
1119,8
1120,4
1121,2
1122,1
1123,2
1124,4
1125,4
1126,2
1127,7
1128,2
1129,9
1130,4
1131,4
1132,3
1133,4
1134,1
1135,8
1136,8
1137,4
1138,9
1139,6
1140,1
1141,7
1142,4
1143,2
1144,2
1145,7
1146,2
1147,2
1148,2
1149,4
1150,5
1151,1
1152,4
1153,1
1154,2
1155,2
1156,1
1157,6
1158,1
1159,7
1160,1
1161,2
1162,3
1163,8
1164,3
1165,4
1166,2
1167,4
1168,4
1169,4
1170,2
1171,7
1172,2
1173,6
1174,5
1175,2
1176,4
1177,5
1178,2
1179,2
1180,4
1181,4
1182,2
1183,8
1184,4
1185,4
1186,2
1187,8
1188,4
1189,8
1190,1
1191,1
1192,6
1193,1
1194,4
1195,1
1196,8
1197,3
1198,4
1199,3
1200,4
1201,2
1202,1
1203,3
1204,5
1205,1
1206,9
1207,4
1208,2
1209,4
1210,4
1211,9
1212,2
1213,1
1214,4
1215,1
1216,4
1217,6
1218,6
1219,9
1220,1
1221,1
1222,2
1223,4
1224,8
1225,4
1226,1
1227,2
1228,1
1229,4
1230,6
1231,4
1232,4
1233,2
1234,2
1235,6
1236,8
1237,8
1238,6
1239,2
1240,4
1241,9
1242,1
1243,3
1244,4
1245,10
1246,4
1247,1
1248,4
1249,4
1250,2
1251,4
1252,1
1253,2
1254,1
1255,9
1256,6
1257,9
1258,4
1259,4
1260,5
1261,8
1262,7
1263,1
1264,8
1265,8
1266,2
1267,1
1268,5
1269,4
1270,6
1271,5
1272,4
1273,5
1274,2
1275,7
1276,4
1277,4
1278,1
1279,4
1280,4
1281,8
1282,6
1283,9
1284,4
1285,6
1286,1
1287,8
1288,8
1289,4
1290,4
1291,8
1292,4
1293,2
1294,4
1295,2
1296,5
1297,1
1298,4
1299,4
1300,2
1301,5
1302,8
1303,6
1304,4
1305,1
1306,1
1307,2
1308,1
1309,8
1310,4
1311,3
1312,6
1313,6
1314,1
1315,4
1316,4
1317,10
1318,4
1319,6
1320,1
1321,4
1322,4
1323,4
1324,4
1325,2
1326,1
1327,4
1328,4
1329,4
1330,10
1331,4
1332,1
1333,4
1334,1
1335,4
1336,1
1337,2
1338,7
1339,9
1340,1
1341,1
1342,1
1343,1
1344,4
1345,9
1346,4
1347,4
1348,1
1349,2
1350,4
1351,1
1352,3
1353,8
1354,4
1355,10
1356,2
1357,1
1358,2
1359,4
1360,1
1361,4
1362,7
1363,6
1364,4
1365,4
1366,4
1367,1
1368,9
1369,2
1370,4
1371,4
1372,2
1373,9
1374,2
1375,4
1376,9
1377,1
1378,1
1379,4
1380,6
1381,1
1382,1
1383,1
1384,2
1385,4
1386,6
1387,6
1388,4
1389,1
1390,4
1391,6
1392,1
1393,4
1394,1
1395,1
1396,2
1397,4
1398,4
1399,9
1400,1
1401,2
1402,4
1403,6
1404,4
1405,5
1406,4
1407,1
1408,4
1409,9
1410,4
1411,4
1412,7
1413,2
1414,4
1415,4
1416,4
1417,4
1418,9
1419,4
1420,2
1421,2
1422,6
1423,4
1424,2
1425,4
1426,8
1427,6
1428,4
1429,2
1430,8
1431,1
1432,1
1433,1
1434,2
1435,2
1436,2
1437,2
1438,2
1439,3
1440,4
1441,1
1442,4
1443,1
1444,1
1445,1
1446,2
1447,4
1448,2
1449,1
1450,1
1451,4
1452,4
1453,1
1454,1
1455,2
1456,4
1457,1
1458,4
1459,6
1460,1
1461,2
1462,4
1463,1
1464,9
1465,6
1466,10
1467,1
1468,4
1469,4
1470,6
1471,2
1472,1
1473,1
1474,2
1475,4
1476,4
1477,4
1478,9
1479,4
1480,5
1481,6
1482,3
1483,1
1484,10
1485,1
1486,4
1487,1
1488,6
1489,1
1490,8
1491,2
1492,4
1493,4
1494,4
1495,1
1496,2
1497,4
1498,2
1499,1
1500,2
1501,9
1502,1
1503,10
1504,4
1505,1
1506,1
1507,1
1508,1
1509,4
1510,7
1511,7
1512,2
1513,1
1514,9
1515,1
1516,4
1517,7
1518,4
1519,4
1520,7
1521,8
1522,8
1523,7
1524,6
1525,4
1526,8
1527,1
1528,4
1529,4
1530,8
1531,4
1532,1
1533,4
1534,2
1535,8
1536,2
1537,4
1538,1
1539,2
1540,4
1541,1
1542,1
1543,2
1544,4
1545,2
1546,2
1547,1
1548,1
1549,1
1550,2
1551,7
1552,4
1553,7
1554,4
1555,8
1556,6
1557,9
1558,6
1559,1
1560,4
1561,1
1562,2
1563,7
1564,9
1565,8
1566,4
1567,1
1568,3
1569,8
1570,2
1571,2
1572,3
1573,1
1574,3
1575,5
1576,5
1577,9
1578,4
1579,4
1580,4
1581,1
1582,8
1583,2
1584,8
1585,7
1586,8
1587,2
1588,6
1589,4
1590,4
1591,6
1592,1
1593,9
1594,1
1595,3
1596,1
1597,5
1598,4
1599,9
1600,4
1601,9
1602,4
1603,5
1604,6
1605,1
1606,4
1607,8
1608,4
1609,1
1610,6
1611,4
1612,2
1613,4
1614,6
1615,4
1616,4
1617,1
1618,2
1619,1
1620,9
1621,1
1622,5
1623,2
1624,4
1625,2
1626,1
1627,1
1628,1
1629,7
1630,4
1631,3
1632,4
1633,9
1634,4
1635,1
1636,7
1637,1
1638,8
1639,1
1640,3
1641,1
1642,4
1643,10
1644,4
1645,4
1646,1
1647,4
1648,1
1649,4
1650,1
1651,6
1652,1
1653,4
1654,2
1655,4
1656,2
1657,1
1658,8
1659,4
1660,4
1661,2
1662,4
1663,5
1664,4
1665,4
1666,4
1667,2
1668,7
1669,7
1670,4
1671,1
1672,1
1673,1
1674,2
1675,1
1676,4
1677,2
1678,6
1679,6
1680,4
1681,8
1682,1
1683,8
1684,4
1685,4
1686,6
1687,6
1688,2
1689,1
1690,1
1691,4
1692,4
1693,4
1694,9
1695,1
1696,3
1697,2
1698,8
1699,7
1700,4
1701,8
1702,5
1703,1
1704,4
1705,1
1706,4
1707,6
1708,1
1709,4
1710,1
1711,7
1712,4
1713,6
1714,6
1715,1
1716,1
1717,8
1718,4
1719,9
1720,4
1721,2
1722,2
1723,6
1724,1
1725,1
1726,1
1727,8
1728,4
1729,1
1730,2
1731,4
1732,2
1733,4
1734,9
1735,7
1736,2
1737,10
1738,6
1739,1
1740,8
1741,4
1742,2
1743,2
1744,2
1745,4
1746,1
1747,4
1748,4
1749,4
1750,10
1751,5
1752,4
1753,9
1754,1
1755,2
1756,8
1757,5
1758,1
1759,6
1760,4
1761,9
1762,1
1763,1
1764,7
1765,2
1766,3
1767,8
1768,3
1769,1
1770,10
1771,2
1772,8
1773,2
1774,4
1775,3
1776,1
1777,1
1778,1
1779,4
1780,4
1781,2
1782,1
1783,6
1784,1
1785,4
1786,8
1787,9
1788,4
1789,8
1790,4
1791,1
1792,9
1793,3
1794,1
1795,9
1796,1
1797,2
1798,4
1799,4
1800,4
1801,1
1802,8
1803,2
1804,7
1805,1
1806,1
1807,6
1808,4
1809,4
1810,4
1811,1
1812,4
1813,4
1814,1
1815,4
1816,1
1817,1
1818,1
1819,3
1820,2
1821,1
1822,7
1823,1
1824,4
1825,4
1826,3
1827,4
1828,1
1829,4
1830,6
1831,4
1832,4
1833,9
1834,4
1835,2
1836,7
1837,4
1838,1
1839,4
1840,1
1841,1
1842,1
1843,8
1844,6
1845,1
1846,2
1847,4
1848,1
1849,5
1850,4
1851,1
1852,2
1853,1
1854,4
1855,9
1856,1
1857,5
1858,9
1859,2
1860,2
1861,2
1862,1
1863,4
1864,2
1865,1
1866,4
1867,6
1868,1
1869,4
1870,4
1871,1
1872,3
1873,1
1874,2
1875,4
1876,1
1877,5
1878,4
1879,1
1880,4
1881,7
1882,4
1883,3
1884,2
1885,7
1886,4
1887,1
1888,6
1889,2
1890,4
1891,1
1892,2
1893,4
1894,4
1895,4
1896,4
1897,1
1898,1
1899,5
1900,1
1901,8
1902,6
1903,4
1904,4
1905,4
1906,8
1907,2
1908,4
1909,1
1910,4
1911,4
1912,2
1913,1
1914,2
1915,2
1916,2
1917,4
1918,1
1919,1
1920,8
1921,1
1922,1
1923,1
1924,4
1925,4
1926,2
1927,4
1928,4
1929,1
1930,4
1931,9
1932,7
1933,2
1934,6
1935,4
1936,1
1937,9
1938,4
1939,1
1940,10
1941,8
1942,7
1943,4
1944,6
1945,1
1946,6
1947,1
1948,4
1949,3
1950,8
1951,5
1952,3
1953,2
1954,9
1955,1
1956,4
1957,4
1958,4
1959,1
1960,1
1961,4
1962,3
1963,5
1964,1
1965,8
1966,2
1967,9
1968,7
1969,9
1970,4
1971,1
1972,4
1973,8
1974,2
1975,7
1976,1
1977,4
1978,10
1979,6
1980,1
1981,6
1982,4
1983,1
1984,1
1985,9
1986,4
1987,7
1988,4
1989,1
1990,1
1991,4
1992,1
1993,1
1994,1
1995,3
1996,1
1997,7
1998,1
1999,6
2000,1
2001,4
2002,4
2003,2
2004,1
2005,2
2006,6
2007,4
2008,1
2009,9
2010,4
2011,10
2012,4
2013,2
2014,2
2015,3
2016,2
2017,4
2018,9
2019,6
2020,7
2021,1
2022,2
2023,4
2024,1
2025,2
2026,2
2027,4
2028,4
2029,6
2030,1
2031,8
2032,8
2033,1
2034,4
2035,1
2036,6
2037,5
2038,2
2039,7
2040,1
2041,4
2042,8
2043,1
2044,4
2045,2
2046,4
2047,4
2048,4
2049,2
2050,9
2051,7
2052,7
2053,7
2054,1
2055,1
2056,7
2057,4
2058,2
2059,9
2060,9
2061,2
2062,7
2063,1
2064,1
2065,2
2066,4
2067,1
2068,1
2069,8
2070,7
2071,4
2072,4
2073,4
2074,1
2075,1
2076,1
2077,6
2078,4
2079,6
2080,4
2081,8
2082,1
2083,4
2084,4
2085,6
2086,7
2087,7
2088,1
2089,2
2090,8
2091,4
2092,2
2093,4
2094,4
2095,1
2096,3
2097,2
2098,2
2099,2
2100,2
2101,2
2102,1
2103,2
2104,4
2105,2
2106,4
2107,2
2108,10
2109,1
2110,6
2111,1
2112,8
2113,1
2114,1
2115,9
2116,2
2117,1
2118,4
2119,10
2120,2
2121,1
2122,2
2123,6
2124,2
2125,8
2126,4
2127,1
2128,5
2129,4
2130,1
2131,1
2132,1
2133,2
2134,1
2135,7
2136,1
2137,7
2138,9
2139,1
2140,1
2141,4
2142,5
2143,9
2144,2
2145,1
2146,2
2147,2
2148,9
2149,2
2150,1
2151,1
2152,1
2153,4
2154,4
2155,5
2156,4
2157,4
2158,4
2159,2
2160,1
2161,6
2162,7
2163,4
2164,1
2165,1
2166,6
2167,4
2168,2
2169,4
2170,4
2171,1
2172,1
2173,2
2174,3
2175,2
2176,1
2177,1
2178,4
2179,3
2180,5
2181,1
2182,1
2183,1
2184,6
2185,10
2186,2
2187,8
2188,3
2189,1
2190,9
2191,2
2192,8
2193,4
2194,1
2195,4
2196,1
2197,4
2198,1
2199,2
2200,2
2201,4
2202,1
2203,1
2204,4
2205,4
2206,4
2207,4
2208,1
2209,1
2210,8
2211,10
2212,7
2213,7
2214,7
2215,1
2216,3
2217,6
2218,8
2219,4
2220,2
2221,3
2222,4
2223,8
2224,6
2225,2
2226,8
2227,1
2228,7
2229,1
2230,4
2231,8
2232,1
2233,4
2234,1
2235,1
2236,4
2237,1
2238,4
2239,2
2240,1
2241,1
2242,8
2243,1
2244,5
2245,6
2246,1
2247,2
2248,6
2249,1
2250,4
2251,7
2252,4
2253,7
2254,2
2255,4
2256,1
2257,2
2258,2
2259,8
2260,1
2261,1
2262,2
2263,1
2264,1
2265,2
2266,1
2267,1
2268,8
2269,2
2270,1
2271,7
2272,2
2273,1
2274,1
2275,3
2276,4
2277,4
2278,3
2279,1
2280,7
2281,4
2282,2
2283,1
2284,4
2285,7
2286,8
2287,8
2288,1
2289,1
2290,8
2291,1
2292,4
2293,8
2294,4
2295,2
2296,4
2297,9
2298,3
2299,4
2300,4
2301,3
2302,4
2303,6
2304,5
2305,9
2306,1
2307,10
2308,2
2309,2
2310,10
2311,1
2312,1
2313,1
2314,4
2315,4
2316,1
2317,2
2318,4
2319,1
2320,9
2321,1
2322,2
2323,1
2324,6
2325,4
2326,4
2327,1
2328,8
2329,1
2330,1
2331,7
2332,4
2333,2
2334,8
2335,4
2336,1
2337,4
2338,1
2339,4
2340,2
2341,1
2342,8
2343,6
2344,2
2345,1
2346,4
2347,6
2348,6
2349,8
2350,4
2351,10
2352,3
2353,4
2354,4
2355,6
2356,4
2357,1
2358,8
2359,6
2360,5
2361,7
2362,9
2363,1
2364,7
2365,1
2366,9
2367,1
2368,8
2369,6
2370,5
2371,4
2372,9
2373,1
2374,1
2375,4
2376,2
2377,1
2378,1
2379,10
2380,8
2381,4
2382,1
2383,7
2384,8
2385,7
2386,4
2387,6
2388,1
2389,4
2390,4
2391,2
2392,1
2393,4
2394,4
2395,1
2396,1
2397,1
2398,8
2399,3
2400,4
2401,1
2402,4
2403,1
2404,7
2405,2
2406,6
2407,8
2408,1
2409,6
2410,4
2411,1
2412,1
2413,4
2414,2
2415,4
2416,4
2417,2
2418,3
2419,2
2420,1
2421,4
2422,10
2423,4
2424,1
2425,8
2426,5
2427,5
2428,4
2429,3
2430,10
2431,4
2432,4
2433,1
2434,4
2435,1
2436,7
2437,1
2438,1
2439,1
2440,2
2441,4
2442,4
2443,7
2444,1
2445,6
2446,4
2447,2
2448,2
2449,2
2450,1
2451,3
2452,8
2453,1
2454,8
2455,8
2456,4
2457,2
2458,10
2459,1
2460,3
2461,4
2462,8
2463,2
2464,4
2465,4
2466,4
2467,3
2468,4
2469,1
2470,4
2471,1
2472,8
2473,2
2474,6
2475,4
2476,1
2477,4
2478,4
2479,7
2480,5
2481,4
2482,2
2483,1
2484,5
2485,2
2486,2
2487,10
2488,2
2489,9
2490,4
2491,1
2492,1
2493,1
2494,7
2495,8
2496,2
2497,3
2498,4
2499,1
2500,6
2501,4
2502,4
2503,8
2504,4
2505,2
2506,4
2507,1
2508,1
2509,1
2510,1
2511,4
2512,4
2513,5
2514,2
2515,2
2516,3
2517,1
2518,2
2519,4
2520,1
2521,1
2522,4
2523,8
2524,9
2525,8
2526,6
2527,10
2528,2
2529,2
2530,4
2531,1
2532,8
2533,6
2534,5
2535,3
2536,1
2537,8
2538,3
2539,4
2540,3
2541,6
2542,6
2543,1
2544,3
2545,5
2546,2
2547,2
2548,4
2549,2
2550,7
2551,4
2552,4
2553,1
2554,2
2555,2
2556,6
2557,7
2558,4
2559,6
2560,1
2561,1
2562,6
2563,1
2564,5
2565,5
2566,4
2567,8
2568,10
2569,2
2570,1
2571,2
2572,6
2573,9
2574,2
2575,4
2576,4
2577,8
2578,7
2579,1
2580,1
2581,4
2582,4
2583,1
2584,1
2585,4
2586,8
2587,4
2588,1
2589,4
2590,9
2591,8
2592,4
2593,8
2594,4
2595,6
2596,4
2597,7
2598,1
2599,1
2600,1
2601,4
2602,1
2603,1
2604,10
2605,1
2606,1
2607,1
2608,4
2609,9
2610,4
2611,2
2612,1
2613,6
2614,2
2615,7
2616,1
2617,4
2618,1
2619,4
2620,1
2621,1
2622,9
2623,2
2624,2
2625,4
2626,1
2627,1
2628,7
2629,4
2630,3
2631,1
2632,4
2633,4
2634,3
2635,5
2636,1
2637,4
2638,2
2639,9
2640,6
2641,7
2642,1
2643,1
2644,1
2645,1
2646,8
2647,2
2648,1
2649,7
2650,2
2651,1
2652,8
2653,1
2654,4
2655,4
2656,4
2657,6
2658,1
2659,1
2660,4
2661,3
2662,4
2663,1
2664,8
2665,4
2666,3
2667,4
2668,9
2669,2
2670,9
2671,7
2672,1
2673,4
2674,7
2675,1
2676,4
2677,4
2678,2
2679,1
2680,1
2681,4
2682,1
2683,4
2684,7
2685,1
2686,1
2687,4
2688,4
2689,2
2690,1
2691,1
2692,3
2693,7
2694,4
2695,1
2696,3
2697,4
2698,9
2699,1
2700,4
2701,2
2702,2
2703,7
2704,5
2705,7
2706,1
2707,1
2708,4
2709,3
2710,5
2711,4
2712,7
2713,1
2714,1
2715,6
2716,1
2717,2
2718,3
2719,5
2720,1
2721,4
2722,4
2723,1
2724,1
2725,2
2726,6
2727,1
2728,4
2729,8
2730,2
2731,4
2732,8
2733,4
2734,7
2735,4
2736,5
2737,4
2738,1
2739,7
2740,2
2741,1
2742,6
2743,1
2744,1
2745,6
2746,4
2747,1
2748,2
2749,2
2750,2
2751,1
2752,4
2753,2
2754,4
2755,6
2756,9
2757,9
2758,2
2759,4
2760,4
2761,2
2762,7
2763,4
2764,8
2765,4
2766,2
2767,5
2768,7
2769,6
2770,2
2771,6
2772,1
2773,1
2774,1
2775,1
2776,1
2777,4
2778,1
2779,4
2780,1
2781,1
2782,1
2783,2
2784,2
2785,10
2786,8
2787,7
2788,4
2789,5
2790,2
2791,6
2792,6
2793,1
2794,8
2795,8
2796,4
2797,9
2798,4
2799,1
2800,4
2801,2
2802,4
2803,1
2804,4
2805,4
2806,2
2807,1
2808,9
2809,9
2810,1
2811,4
2812,4
2813,7
2814,2
2815,6
2816,1
2817,4
2818,1
2819,6
2820,2
2821,8
2822,6
2823,2
2824,8
2825,1
2826,4
2827,1
2828,10
2829,6
2830,1
2831,2
2832,5
2833,4
2834,4
2835,7
2836,2
2837,2
2838,1
2839,7
2840,8
2841,1
2842,8
2843,4
2844,4
2845,7
2846,1
2847,8
2848,2
2849,6
2850,1
2851,2
2852,1
2853,8
2854,8
2855,7
2856,4
2857,1
2858,2
2859,1
2860,8
2861,10
2862,2
2863,1
2864,9
2865,8
2866,4
2867,2
2868,7
2869,9
2870,2
2871,8
2872,2
2873,5
2874,3
2875,4
2876,2
2877,4
2878,7
2879,7
2880,4
2881,1
2882,4
2883,2
2884,6
2885,2
2886,1
2887,1
2888,8
2889,4
2890,1
2891,4
2892,2
2893,1
2894,4
2895,9
2896,1
2897,4
2898,4
2899,2
2900,4
2901,8
2902,4
2903,1
2904,4
2905,2
2906,9
2907,4
2908,4
2909,3
2910,1
2911,2
2912,1
2913,8
2914,1
2915,2
2916,1
2917,2
2918,4
2919,4
2920,2
2921,1
2922,4
2923,1
2924,1
2925,4
2926,1
2927,4
2928,1
2929,4
2930,10
2931,4
2932,5
2933,4
2934,7
2935,4
2936,7
2937,1
2938,1
2939,3
2940,4
2941,4
2942,4
2943,8
2944,10
2945,2
2946,1
2947,4
2948,4
2949,4
2950,1
2951,4
2952,1
2953,1
2954,5
2955,7
2956,1
2957,1
2958,1
2959,7
2960,3
2961,4
2962,1
2963,4
2964,4
2965,3
2966,3
2967,4
2968,1
2969,2
2970,1
2971,5
2972,3
2973,1
2974,2
2975,2
2976,1
2977,4
2978,4
2979,3
2980,2
2981,2
2982,2
2983,2
2984,7
2985,5
2986,2
2987,6
2988,1
2989,4
2990,4
2991,2
2992,2
2993,7
2994,2
2995,4
2996,2
2997,8
2998,6
2999,4
3000,1
3001,5
3002,9
3003,3
3004,4
3005,10
3006,4
3007,1
3008,2
3009,1
3010,10
3011,4
3012,2
3013,1
3014,7
3015,1
3016,4
3017,4
3018,1
3019,6
3020,4
3021,10
3022,1
3023,2
3024,4
3025,1
3026,4
3027,9
3028,4
3029,5
3030,4
3031,1
3032,8
3033,2
3034,6
3035,2
3036,1
3037,2
3038,1
3039,2
3040,6
3041,2
3042,1
3043,4
3044,2
3045,1
3046,4
3047,2
3048,1
3049,1
3050,1
3051,6
3052,8
3053,3
3054,1
3055,4
3056,1
3057,4
3058,2
3059,4
3060,1
3061,1
3062,7
3063,6
3064,1
3065,2
3066,2
3067,2
3068,6
3069,8
3070,4
3071,1
3072,4
3073,7
3074,1
3075,6
3076,4
3077,4
3078,4
3079,1
3080,4
3081,7
3082,4
3083,2
3084,9
3085,3
3086,4
3087,2
3088,1
3089,1
3090,3
3091,8
3092,1
3093,2
3094,7
3095,1
3096,4
3097,2
3098,4
3099,6
3100,1
3101,1
3102,4
3103,4
3104,4
3105,2
3106,2
3107,1
3108,5
3109,2
3110,4
3111,1
3112,2
3113,1
3114,4
3115,8
3116,6
3117,3
3118,4
3119,1
3120,4
3121,8
3122,1
3123,1
3124,1
3125,2
3126,1
3127,6
3128,5
3129,9
3130,4
3131,6
3132,1
3133,4
3134,1
3135,1
3136,1
3137,4
3138,1
3139,9
3140,5
3141,1
3142,4
3143,1
3144,8
3145,4
3146,1
3147,1
3148,6
3149,8
3150,9
3151,1
3152,1
3153,5
3154,4
3155,4
3156,2
3157,3
3158,5
3159,7
3160,4
3161,4
3162,4
3163,1
3164,4
3165,4
3166,1
3167,2
3168,4
3169,1
3170,2
3171,4
3172,1
3173,4
3174,2
3175,4
3176,7
3177,2
3178,8
3179,4
3180,4
3181,1
3182,1
3183,1
3184,4
3185,7
3186,9
3187,4
3188,4
3189,6
3190,1
3191,4
3192,1
3193,8
3194,4
3195,2
3196,4
3197,6
3198,7
3199,1
3200,4
3201,4
3202,1
3203,4
3204,5
3205,2
3206,4
3207,6
3208,8
3209,2
3210,1
3211,9
3212,5
3213,2
3214,6
3215,4
3216,1
3217,3
3218,4
3219,1
3220,4
3221,1
3222,1
3223,2
3224,2
3225,8
3226,1
3227,1
3228,4
3229,1
3230,9
3231,6
3232,5
3233,5
3234,4
3235,1
3236,6
3237,4
3238,1
3239,10
3240,6
3241,1
3242,6
3243,4
3244,5
3245,3
3246,6
3247,1
3248,1
3249,2
3250,2
3251,1
3252,4
3253,2
3254,4
3255,4
3256,2
3257,10
3258,1
3259,4
3260,5
3261,2
3262,9
3263,1
3264,4
3265,2
3266,1
3267,4
3268,2
3269,8
3270,1
3271,9
3272,1
3273,1
3274,4
3275,4
3276,1
3277,2
3278,2
3279,10
3280,4
3281,2
3282,1
3283,1
3284,4
3285,1
3286,6
3287,6
3288,7
3289,1
3290,1
3291,7
3292,4
3293,2
3294,3
3295,4
3296,5
3297,2
3298,1
3299,4
3300,4
3301,1
3302,1
3303,4
3304,2
3305,2
3306,6
3307,1
3308,5
3309,2
3310,8
3311,4
3312,1
3313,9
3314,4
3315,4
3316,1
3317,1
3318,4
3319,2
3320,7
3321,1
3322,1
3323,1
3324,1
3325,4
3326,2
3327,1
3328,1
3329,2
3330,1
3331,8
3332,3
3333,2
3334,4
3335,4
3336,1
3337,2
3338,2
3339,1
3340,1
3341,1
3342,1
3343,4
3344,5
3345,8
3346,3
3347,4
3348,2
3349,2
3350,1
3351,1
3352,9
3353,2
3354,8
3355,7
3356,3
3357,6
3358,1
3359,2
3360,1
3361,4
3362,9
3363,1
3364,1
3365,4
3366,4
3367,4
3368,2
3369,4
3370,2
3371,8
3372,4
3373,4
3374,2
3375,8
3376,4
3377,1
3378,8
3379,3
3380,2
3381,1
3382,2
3383,5
3384,7
3385,2
3386,7
3387,1
3388,1
3389,6
3390,1
3391,1
3392,6
3393,1
3394,9
3395,4
3396,8
3397,9
3398,4
3399,6
3400,4
3401,4
3402,1
3403,2
3404,8
3405,2
3406,8
3407,2
3408,1
3409,6
3410,1
3411,4
3412,6
3413,1
3414,2
3415,1
3416,3
3417,2
3418,4
3419,1
3420,4
3421,2
3422,4
3423,8
3424,4
3425,9
3426,1
3427,4
3428,2
3429,9
3430,1
3431,6
3432,7
3433,2
3434,8
3435,1
3436,6
3437,9
3438,1
3439,1
3440,4
3441,2
3442,3
3443,2
3444,1
3445,3
3446,1
3447,2
3448,1
3449,2
3450,4
3451,1
3452,2
3453,6
3454,5
3455,1
3456,1
3457,4
3458,1
3459,9
3460,2
3461,4
3462,2
3463,2
3464,5
3465,2
3466,1
3467,6
3468,4
3469,4
3470,2
3471,7
3472,4
3473,2
3474,4
3475,2
3476,3
3477,4
3478,4
3479,3
3480,2
3481,2
3482,4
3483,6
3484,6
3485,3
3486,1
3487,1
3488,1
3489,2
3490,4
3491,1
3492,8
3493,4
3494,2
3495,1
3496,1
3497,1
3498,6
3499,9
3500,4
3501,2
3502,5
3503,4
3504,4
3505,1
3506,2
3507,2
3508,8
3509,5
3510,2
3511,7
3512,4
3513,3
3514,4
3515,1
3516,9
3517,2
3518,3
3519,2
3520,2
3521,1
3522,2
3523,1
3524,4
3525,8
3526,6
3527,1
3528,2
3529,1
3530,9
3531,4
3532,10
3533,4
3534,4
3535,4
3536,2
3537,1
3538,7
3539,4
3540,1
3541,1
3542,6
3543,2
3544,7
3545,1
3546,4
3547,1
3548,1
3549,2
3550,7
3551,4
3552,5
3553,9
3554,6
3555,1
3556,1
3557,10
3558,1
3559,8
3560,6
3561,5
3562,4
3563,7
3564,6
3565,6
3566,1
3567,4
3568,4
3569,2
3570,4
3571,8
3572,9
3573,4
3574,7
3575,2
3576,8
3577,4
3578,4
3579,4
3580,1
3581,4
3582,4
3583,4
3584,4
3585,2
3586,5
3587,2
3588,4
3589,9
3590,4
3591,1
3592,2
3593,1
3594,2
3595,7
3596,2
3597,3
3598,2
3599,2
3600,4
3601,4
3602,10
3603,4
3604,4
3605,2
3606,2
3607,4
3608,2
3609,7
3610,1
3611,4
3612,1
3613,4
3614,4
3615,4
3616,8
3617,1
3618,5
3619,10
3620,4
3621,5
3622,10
3623,6
3624,4
3625,1
3626,6
3627,7
3628,5
3629,4
3630,4
3631,4
3632,2
3633,1
3634,1
3635,1
3636,4
3637,7
3638,8
3639,2
3640,2
3641,7
3642,2
3643,4
3644,4
3645,4
3646,3
3647,1
3648,1
3649,2
3650,6
3651,1
3652,1
3653,1
3654,4
3655,7
3656,3
3657,1
3658,2
3659,3
3660,5
3661,2
3662,4
3663,9
3664,4
3665,3
3666,1
3667,8
3668,1
3669,1
3670,2
3671,1
3672,10
3673,2
3674,3
3675,1
3676,5
3677,2
3678,4
3679,2
3680,4
3681,8
3682,3
3683,2
3684,8
3685,2
3686,6
3687,1
3688,2
3689,4
3690,4
3691,9
3692,2
3693,4
3694,1
3695,7
3696,2
3697,4
3698,1
3699,7
3700,1
3701,10
3702,1
3703,1
3704,8
3705,4
3706,4
3707,4
3708,4
3709,7
3710,9
3711,1
3712,3
3713,2
3714,2
3715,9
3716,1
3717,5
3718,1
3719,2
3720,1
3721,2
3722,9
3723,1
3724,4
3725,4
3726,4
3727,6
3728,5
3729,1
3730,1
3731,7
3732,1
3733,10
3734,1
3735,7
3736,4
3737,4
3738,1
3739,10
3740,5
3741,8
3742,1
3743,2
3744,1
3745,1
3746,4
3747,2
3748,2
3749,1
3750,4
3751,1
3752,6
3753,2
3754,2
3755,1
3756,2
3757,1
3758,4
3759,1
3760,2
3761,2
3762,1
3763,4
3764,7
3765,2
3766,3
3767,1
3768,3
3769,3
3770,1
3771,8
3772,1
3773,4
3774,3
3775,4
3776,1
3777,1
3778,8
3779,4
3780,4
3781,1
3782,1
3783,8
3784,1
3785,8
3786,8
3787,1
3788,2
3789,7
3790,1
3791,6
3792,1
3793,1
3794,4
3795,1
3796,7
3797,4
3798,10
3799,7
3800,9
3801,1
3802,1
3803,1
3804,6
3805,2
3806,1
3807,7
3808,8
3809,4
3810,1
3811,2
3812,9
3813,4
3814,4
3815,2
3816,9
3817,4
3818,2
3819,1
3820,2
3821,1
3822,8
3823,1
3824,4
3825,2
3826,4
3827,4
3828,4
3829,8
3830,4
3831,1
3832,10
3833,4
3834,5
3835,1
3836,1
3837,8
3838,4
3839,4
3840,6
3841,2
3842,4
3843,1
3844,5
3845,4
3846,4
3847,4
3848,7
3849,5
3850,2
3851,1
3852,1
3853,6
3854,4
3855,9
3856,1
3857,2
3858,1
3859,1
3860,1
3861,4
3862,1
3863,1
3864,5
3865,4
3866,2
3867,5
3868,2
3869,3
3870,2
3871,1
3872,2
3873,4
3874,2
3875,1
3876,2
3877,10
3878,6
3879,2
3880,1
3881,6
3882,1
3883,3
3884,9
3885,1
3886,1
3887,1
3888,2
3889,9
3890,1
3891,1
3892,1
3893,4
3894,2
3895,4
3896,4
3897,4
3898,4
3899,1
3900,2
3901,4
3902,8
3903,8
3904,9
3905,2
3906,2
3907,1
3908,2
3909,4
3910,1
3911,4
3912,4
3913,1
3914,1
3915,2
3916,4
3917,6
3918,2
3919,2
3920,6
3921,4
3922,6
3923,4
3924,1
3925,2
3926,2
3927,2
3928,4
3929,2
3930,4
3931,4
3932,4
3933,2
3934,3
3935,1
3936,2
3937,1
3938,4
3939,9
3940,4
3941,1
3942,9
3943,1
3944,1
3945,4
3946,5
3947,6
3948,4
3949,1
3950,4
3951,4
3952,4
3953,3
3954,6
3955,1
3956,1
3957,4
3958,8
3959,4
3960,8
3961,3
3962,2
3963,4
3964,1
3965,4
3966,6
3967,1
3968,2
3969,10
3970,1
3971,5
3972,4
3973,4
3974,1
3975,1
3976,1
3977,1
3978,2
3979,1
3980,4
3981,1
3982,5
3983,4
3984,3
3985,5
3986,1
3987,4
3988,1
3989,8
3990,1
3991,2
3992,4
3993,6
3994,1
3995,9
3996,1
3997,1
3998,7
3999,1
4000,2
4001,1
4002,4
4003,1
4004,4
4005,6
4006,1
4007,4
4008,1
4009,4
4010,1
4011,1
4012,5
4013,7
4014,4
4015,1
4016,2
4017,1
4018,8
4019,4
4020,4
4021,4
4022,7
4023,4
4024,7
4025,1
4026,1
4027,4
4028,1
4029,4
4030,4
4031,4
4032,1
4033,1
4034,1
4035,1
4036,1
4037,7
4038,4
4039,4
4040,1
4041,6
4042,1
4043,3
4044,4
4045,4
4046,9
4047,10
4048,1
4049,3
4050,1
4051,1
4052,1
4053,1
4054,1
4055,1
4056,1
4057,7
4058,8
4059,9
4060,2
4061,4
4062,4
4063,2
4064,7
4065,1
4066,2
4067,1
4068,6
4069,1
4070,4
4071,8
4072,3
4073,4
4074,4
4075,4
4076,2
4077,4
4078,3
4079,4
4080,4
4081,1
4082,4
4083,4
4084,8
4085,4
4086,6
4087,4
4088,6
4089,1
4090,4
4091,4
4092,1
4093,4
4094,4
4095,3
4096,2
4097,4
4098,9
4099,1
4100,1
4101,1
4102,4
4103,2
4104,9
4105,4
4106,9
4107,1
4108,4
4109,3
4110,2
4111,1
4112,4
4113,4
4114,2
4115,2
4116,7
4117,1
4118,8
4119,2
4120,9
4121,6
4122,1
4123,4
4124,8
4125,6
4126,6
4127,4
4128,2
4129,3
4130,6
4131,2
4132,1
4133,4
4134,9
4135,7
4136,8
4137,1
4138,4
4139,8
4140,4
4141,6
4142,7
4143,6
4144,4
4145,4
4146,2
4147,4
4148,2
4149,4
4150,6
4151,2
4152,5
4153,7
4154,7
4155,4
4156,2
4157,4
4158,2
4159,4
4160,7
4161,7
4162,9
4163,2
4164,1
4165,2
4166,7
4167,4
4168,5
4169,2
4170,1
4171,4
4172,4
4173,1
4174,8
4175,1
4176,2
4177,7
4178,8
4179,4
4180,1
4181,3
4182,4
4183,9
4184,5
4185,6
4186,4
4187,1
4188,1
4189,2
4190,6
4191,7
4192,4
4193,6
4194,1
4195,4
4196,2
4197,10
4198,7
4199,1
4200,5
4201,6
4202,8
4203,4
4204,1
4205,4
4206,4
4207,4
4208,4
4209,1
4210,8
4211,3
4212,1
4213,4
4214,2
4215,4
4216,1
4217,2
4218,1
4219,7
4220,1
4221,1
4222,1
4223,8
4224,3
4225,3
4226,1
4227,6
4228,1
4229,1
4230,2
4231,4
4232,2
4233,5
4234,8
4235,1
4236,9
4237,2
4238,3
4239,1
4240,7
4241,8
4242,1
4243,2
4244,1
4245,1
4246,3
4247,4
4248,1
4249,2
4250,7
4251,4
4252,2
4253,8
4254,1
4255,2
4256,1
4257,5
4258,3
4259,7
4260,2
4261,2
4262,8
4263,2
4264,6
4265,4
4266,1
4267,8
4268,2
4269,4
4270,4
4271,4
4272,9
4273,1
4274,9
4275,2
4276,4
4277,4
4278,4
4279,1
4280,4
4281,4
4282,8
4283,2
4284,1
4285,10
4286,4
4287,8
4288,2
4289,1
4290,1
4291,1
4292,1
4293,4
4294,1
4295,10
4296,1
4297,2
4298,4
4299,3
4300,1
4301,4
4302,1
4303,1
4304,4
4305,7
4306,4
4307,4
4308,6
4309,4
4310,2
4311,1
4312,10
4313,8
4314,2
4315,2
4316,10
4317,7
4318,4
4319,4
4320,1
4321,1
4322,1
4323,2
4324,1
4325,4
4326,7
4327,2
4328,2
4329,1
4330,6
4331,7
4332,9
4333,1
4334,1
4335,9
4336,1
4337,2
4338,5
4339,2
4340,4
4341,4
4342,2
4343,5
4344,8
4345,4
4346,2
4347,7
4348,7
4349,4
4350,4
4351,1
4352,8
4353,2
4354,1
4355,5
4356,2
4357,1
4358,7
4359,1
4360,7
4361,4
4362,1
4363,4
4364,6
4365,4
4366,2
4367,6
4368,3
4369,4
4370,1
4371,4
4372,4
4373,7
4374,4
4375,2
4376,6
4377,4
4378,1
4379,1
4380,1
4381,4
4382,1
4383,4
4384,1
4385,1
4386,8
4387,4
4388,5
4389,2
4390,6
4391,8
4392,7
4393,6
4394,1
4395,1
4396,8
4397,4
4398,6
4399,1
4400,2
4401,2
4402,4
4403,1
4404,4
4405,4
4406,4
4407,4
4408,1
4409,1
4410,7
4411,1
4412,1
4413,7
4414,4
4415,2
4416,8
4417,7
4418,1
4419,1
4420,5
4421,3
4422,8
4423,2
4424,9
4425,1
4426,1
4427,7
4428,1
4429,2
4430,4
4431,2
4432,1
4433,7
4434,9
4435,6
4436,8
4437,2
4438,4
4439,4
4440,1
4441,2
4442,4
4443,10
4444,1
4445,1
4446,4
4447,4
4448,9
4449,1
4450,1
4451,4
4452,6
4453,4
4454,6
4455,1
4456,2
4457,2
4458,4
4459,6
4460,5
4461,2
4462,4
4463,2
4464,2
4465,6
4466,5
4467,1
4468,4
4469,5
4470,3
4471,4
4472,1
4473,2
4474,2
4475,9
4476,1
4477,4
4478,6
4479,1
4480,6
4481,4
4482,1
4483,6
4484,9
4485,4
4486,9
4487,1
4488,1
4489,5
4490,4
4491,1
4492,5
4493,1
4494,7
4495,2
4496,1
4497,1
4498,9
4499,1
4500,4
4501,4
4502,4
4503,6
4504,1
4505,1
4506,2
4507,2
4508,9
4509,2
4510,1
4511,2
4512,5
4513,9
4514,4
4515,7
4516,2
4517,1
4518,9
4519,1
4520,9
4521,2
4522,4
4523,2
4524,4
4525,1
4526,1
4527,5
4528,1
4529,9
4530,2
4531,4
4532,2
4533,4
4534,4
4535,1
4536,8
4537,2
4538,5
4539,4
4540,3
4541,4
4542,2
4543,2
4544,1
4545,1
4546,1
4547,2
4548,2
4549,4
4550,5
4551,1
4552,4
4553,1
4554,8
4555,2
4556,1
4557,1
4558,8
4559,8
4560,1
4561,8
4562,1
4563,1
4564,4
4565,1
4566,1
4567,4
4568,1
4569,1
4570,2
4571,1
4572,1
4573,1
4574,1
4575,4
4576,6
4577,1
4578,1
4579,4
4580,6
4581,1
4582,10
4583,4
4584,1
4585,6
4586,7
4587,4
4588,8
4589,2
4590,4
4591,4
4592,2
4593,4
4594,2
4595,4
4596,4
4597,2
4598,2
4599,6
4600,2
4601,2
4602,6
4603,4
4604,5
4605,4
4606,4
4607,4
4608,8
4609,1
4610,2
4611,5
4612,1
4613,4
4614,1
4615,1
4616,5
4617,2
4618,4
4619,1
4620,2
4621,1
4622,3
4623,8
4624,1
4625,2
4626,1
4627,1
4628,4
4629,1
4630,1
4631,1
4632,9
4633,4
4634,1
4635,6
4636,8
4637,5
4638,2
4639,1
4640,3
4641,8
4642,7
4643,9
4644,8
4645,1
4646,2
4647,1
4648,2
4649,6
4650,9
4651,4
4652,2
4653,4
4654,10
4655,4
4656,8
4657,4
4658,2
4659,2
4660,2
4661,2
4662,2
4663,9
4664,4
4665,1
4666,1
4667,7
4668,1
4669,4
4670,2
4671,1
4672,1
4673,4
4674,1
4675,1
4676,2
4677,5
4678,4
4679,2
4680,4
4681,2
4682,4
4683,1
4684,4
4685,1
4686,5
4687,1
4688,4
4689,5
4690,4
4691,7
4692,9
4693,2
4694,3
4695,1
4696,2
4697,4
4698,4
4699,6
4700,4
4701,2
4702,1
4703,4
4704,1
4705,1
4706,8
4707,2
4708,2
4709,6
4710,2
4711,1
4712,4
4713,4
4714,1
4715,1
4716,8
4717,1
4718,4
4719,4
4720,2
4721,2
4722,1
4723,1
4724,2
4725,4
4726,6
4727,1
4728,2
4729,1
4730,8
4731,6
4732,1
4733,4
4734,1
4735,1
4736,8
4737,1
4738,4
4739,9
4740,4
4741,4
4742,2
4743,4
4744,6
4745,6
4746,6
4747,1
4748,8
4749,1
4750,1
4751,8
4752,6
4753,1
4754,4
4755,7
4756,8
4757,4
4758,1
4759,6
4760,6
4761,4
4762,1
4763,4
4764,7
4765,4
4766,1
4767,6
4768,1
4769,1
4770,7
4771,2
4772,4
4773,5
4774,4
4775,1
4776,4
4777,8
4778,1
4779,2
4780,4
4781,4
4782,1
4783,1
4784,1
4785,3
4786,1
4787,6
4788,4
4789,1
4790,6
4791,4
4792,10
4793,1
4794,4
4795,4
4796,2
4797,2
4798,4
4799,9
4800,3
4801,5
4802,1
4803,1
4804,7
4805,8
4806,4
4807,1
4808,1
4809,2
4810,1
4811,1
4812,10
4813,1
4814,5
4815,9
4816,8
4817,4
4818,6
4819,4
4820,4
4821,6
4822,6
4823,8
4824,9
4825,1
4826,1
4827,1
4828,1
4829,1
4830,1
4831,8
4832,1
4833,8
4834,1
4835,1
4836,4
4837,2
4838,6
4839,2
4840,1
4841,4
4842,5
4843,4
4844,4
4845,8
4846,2
4847,2
4848,1
4849,1
4850,4
4851,10
4852,8
4853,7
4854,10
4855,1
4856,5
4857,1
4858,4
4859,1
4860,1
4861,1
4862,2
4863,4
4864,2
4865,8
4866,1
4867,3
4868,2
4869,4
4870,1
4871,8
4872,3
4873,3
4874,7
4875,4
4876,4
4877,1
4878,4
4879,7
4880,1
4881,1
4882,1
4883,1
4884,4
4885,6
4886,2
4887,2
4888,4
4889,1
4890,2
4891,7
4892,4
4893,1
4894,4
4895,2
4896,1
4897,4
4898,1
4899,4
4900,1
4901,10
4902,5
4903,5
4904,4
4905,1
4906,1
4907,2
4908,1
4909,4
4910,1
4911,1
4912,1
4913,4
4914,4
4915,1
4916,2
4917,4
4918,4
4919,9
4920,1
4921,2
4922,4
4923,1
4924,2
4925,1
4926,1
4927,4
4928,2
4929,2
4930,2
4931,4
4932,1
4933,1
4934,1
4935,4
4936,6
4937,1
4938,5
4939,8
4940,2
4941,7
4942,1
4943,2
4944,1
4945,4
4946,1
4947,5
4948,10
4949,9
4950,4
4951,6
4952,1
4953,1
4954,1
4955,2
4956,4
4957,10
4958,1
4959,2
4960,7
4961,4
4962,4
4963,2
4964,4
4965,1
4966,1
4967,1
4968,1
4969,6
4970,4
4971,6
4972,4
4973,1
4974,4
4975,4
4976,4
4977,2
4978,2
4979,4
4980,1
4981,4
4982,1
4983,6
4984,4
4985,1
4986,4
4987,1
4988,4
4989,1
4990,6
4991,8
4992,4
4993,4
4994,2
4995,2
4996,1
4997,4
4998,4
4999,1
5000,2
5001,1
5002,1
5003,4
5004,7
5005,4
5006,4
5007,4
5008,4
5009,1
5010,4
5011,7
5012,7
5013,5
5014,1
5015,2
5016,4
5017,4
5018,4
5019,2
5020,5
5021,7
5022,1
5023,6
5024,4
5025,1
5026,8
5027,1
5028,4
5029,3
5030,1
5031,10
5032,7
5033,4
5034,2
5035,4
5036,1
5037,1
5038,2
5039,2
5040,2
5041,6
5042,4
5043,4
5044,1
5045,4
5046,1
5047,4
5048,4
5049,4
5050,5
5051,4
5052,2
5053,1
5054,1
5055,2
5056,8
5057,2
5058,6
5059,5
5060,1
5061,6
5062,4
5063,5
5064,4
5065,4
5066,4
5067,3
5068,2
5069,1
5070,1
5071,1
5072,4
5073,4
5074,2
5075,1
5076,1
5077,2
5078,2
5079,5
5080,2
5081,4
5082,4
5083,2
5084,8
5085,1
5086,2
5087,7
5088,6
5089,9
5090,2
5091,4
5092,2
5093,7
5094,2
5095,1
5096,4
5097,1
5098,7
5099,2
5100,2
5101,7
5102,10
5103,1
5104,4
5105,4
5106,1
5107,1
5108,4
5109,1
5110,2
5111,4
5112,2
5113,4
5114,4
5115,2
5116,4
5117,4
5118,2
5119,2
5120,4
5121,10
5122,9
5123,1
5124,1
5125,4
5126,7
5127,1
5128,1
5129,2
5130,4
5131,4
5132,1
5133,4
5134,1
5135,4
5136,7
5137,2
5138,4
5139,2
5140,6
5141,5
5142,1
5143,4
5144,4
5145,3
5146,6
5147,4
5148,9
5149,3
5150,2
5151,7
5152,4
5153,2
5154,4
5155,3
5156,1
5157,9
5158,1
5159,1
5160,7
5161,6
5162,4
5163,1
5164,8
5165,4
5166,1
5167,1
5168,1
5169,3
5170,6
5171,8
5172,5
5173,1
5174,1
5175,4
5176,9
5177,4
5178,4
5179,8
5180,10
5181,6
5182,2
5183,1
5184,9
5185,3
5186,8
5187,6
5188,4
5189,8
5190,8
5191,9
5192,4
5193,9
5194,8
5195,8
5196,3
5197,8
5198,4
5199,4
5200,5
5201,1
5202,4
5203,8
5204,1
5205,3
5206,1
5207,1
5208,2
5209,3
5210,1
5211,7
5212,1
5213,4
5214,1
5215,2
5216,8
5217,1
5218,2
5219,8
5220,4
5221,6
5222,4
5223,5
5224,1
5225,4
5226,4
5227,1
5228,2
5229,7
5230,2
5231,1
5232,5
5233,2
5234,4
5235,2
5236,6
5237,1
5238,3
5239,1
5240,8
5241,6
5242,1
5243,1
5244,1
5245,4
5246,4
5247,8
5248,4
5249,4
5250,7
5251,2
5252,1
5253,1
5254,1
5255,1
5256,1
5257,1
5258,4
5259,4
5260,4
5261,1
5262,6
5263,4
5264,4
5265,7
5266,3
5267,6
5268,1
5269,4
5270,2
5271,1
5272,8
5273,8
5274,1
5275,1
5276,2
5277,2
5278,4
5279,8
5280,9
5281,6
5282,5
5283,1
5284,10
5285,1
5286,2
5287,4
5288,9
5289,2
5290,9
5291,4
5292,3
5293,7
5294,4
5295,8
5296,4
5297,6
5298,1
5299,2
5300,4
5301,1
5302,2
5303,2
5304,9
5305,4
5306,1
5307,7
5308,2
5309,1
5310,4
5311,4
5312,4
5313,1
5314,8
5315,8
5316,5
5317,8
5318,4
5319,2
5320,1
5321,3
5322,1
5323,4
5324,1
5325,4
5326,5
5327,1
5328,1
5329,1
5330,4
5331,4
5332,1
5333,4
5334,2
5335,1
5336,8
5337,4
5338,6
5339,1
5340,1
5341,3
5342,4
5343,10
5344,5
5345,1
5346,1
5347,5
5348,4
5349,6
5350,4
5351,4
5352,6
5353,7
5354,2
5355,1
5356,1
5357,4
5358,6
5359,4
5360,8
5361,3
5362,2
5363,4
5364,1
5365,1
5366,10
5367,1
5368,6
5369,4
5370,5
5371,2
5372,8
5373,9
5374,7
5375,4
5376,10
5377,6
5378,6
5379,2
5380,2
5381,1
5382,1
5383,9
5384,4
5385,7
5386,2
5387,4
5388,9
5389,4
5390,5
5391,2
5392,2
5393,2
5394,4
5395,4
5396,4
5397,2
5398,3
5399,2
5400,1
5401,7
5402,5
5403,1
5404,5
5405,8
5406,4
5407,2
5408,2
5409,1
5410,2
5411,5
5412,1
5413,2
5414,1
5415,7
5416,4
5417,4
5418,1
5419,6
5420,4
5421,1
5422,6
5423,1
5424,1
5425,1
5426,4
5427,9
5428,8
5429,4
5430,2
5431,5
5432,4
5433,1
5434,10
5435,2
5436,1
5437,1
5438,9
5439,4
5440,4
5441,1
5442,4
5443,2
5444,4
5445,4
5446,7
5447,5
5448,1
5449,1
5450,1
5451,1
5452,4
5453,4
5454,10
5455,4
5456,3
5457,8
5458,4
5459,3
5460,4
5461,4
5462,5
5463,5
5464,1
5465,10
5466,1
5467,6
5468,8
5469,1
5470,10
5471,1
5472,2
5473,4
5474,6
5475,4
5476,2
5477,7
5478,9
5479,4
5480,7
5481,9
5482,7
5483,4
5484,1
5485,4
5486,1
5487,4
5488,2
5489,1
5490,5
5491,1
5492,5
5493,2
5494,1
5495,4
5496,1
5497,8
5498,2
5499,2
5500,1
5501,4
5502,4
5503,1
5504,2
5505,4
5506,4
5507,1
5508,4
5509,4
5510,1
5511,6
5512,7
5513,4
5514,2
5515,2
5516,1
5517,6
5518,2
5519,5
5520,2
5521,1
5522,1
5523,6
5524,2
5525,2
5526,10
5527,4
5528,1
5529,3
5530,4
5531,1
5532,4
5533,2
5534,4
5535,4
5536,1
5537,2
5538,3
5539,1
5540,4
5541,4
5542,4
5543,2
5544,9
5545,4
5546,2
5547,2
5548,2
5549,1
5550,4
5551,8
5552,1
5553,9
5554,5
5555,6
5556,4
5557,1
5558,10
5559,4
5560,2
5561,8
5562,1
5563,1
5564,7
5565,1
5566,2
5567,2
5568,3
5569,4
5570,1
5571,1
5572,1
5573,1
5574,6
5575,1
5576,4
5577,4
5578,9
5579,2
5580,2
5581,7
5582,1
5583,6
5584,1
5585,4
5586,1
5587,2
5588,2
5589,7
5590,9
5591,4
5592,4
5593,9
5594,9
5595,4
5596,1
5597,4
5598,1
5599,8
5600,8
5601,2
5602,1
5603,6
5604,1
5605,1
5606,1
5607,1
5608,1
5609,8
5610,1
5611,2
5612,6
5613,1
5614,1
5615,2
5616,1
5617,6
5618,2
5619,4
5620,9
5621,2
5622,6
5623,2
5624,1
5625,1
5626,1
5627,8
5628,1
5629,1
5630,4
5631,4
5632,6
5633,4
5634,4
5635,4
5636,1
5637,4
5638,5
5639,1
5640,8
5641,4
5642,6
5643,4
5644,6
5645,1
5646,4
5647,4
5648,3
5649,1
5650,7
5651,4
5652,1
5653,6
5654,8
5655,8
5656,2
5657,7
5658,4
5659,4
5660,7
5661,4
5662,1
5663,1
5664,1
5665,2
5666,4
5667,1
5668,2
5669,1
5670,8
5671,10
5672,1
5673,4
5674,4
5675,1
5676,4
5677,4
5678,7
5679,1
5680,9
5681,1
5682,1
5683,9
5684,1
5685,1
5686,4
5687,4
5688,2
5689,9
5690,1
5691,7
5692,4
5693,2
5694,4
5695,9
5696,7
5697,2
5698,4
5699,6
5700,6
5701,6
5702,1
5703,6
5704,6
5705,1
5706,4
5707,2
5708,7
5709,9
5710,4
5711,1
5712,7
5713,1
5714,4
5715,2
5716,1
5717,2
5718,2
5719,1
5720,9
5721,4
5722,2
5723,4
5724,4
5725,4
5726,1
5727,4
5728,7
5729,7
5730,8
5731,6
5732,4
5733,4
5734,2
5735,2
5736,4
5737,1
5738,4
5739,8
5740,1
5741,9
5742,8
5743,1
5744,1
5745,8
5746,1
5747,4
5748,4
5749,4
5750,7
5751,1
5752,4
5753,10
5754,1
5755,1
5756,4
5757,4
5758,2
5759,6
5760,10
5761,6
5762,7
5763,3
5764,2
5765,1
5766,10
5767,1
5768,2
5769,3
5770,9
5771,2
5772,1
5773,4
5774,8
5775,4
5776,8
5777,6
5778,8
5779,2
5780,1
5781,2
5782,1
5783,2
5784,7
5785,1
5786,4
5787,2
5788,7
5789,2
5790,4
5791,4
5792,4
5793,10
5794,1
5795,2
5796,7
5797,4
5798,1
5799,4
5800,6
5801,6
5802,4
5803,5
5804,8
5805,4
5806,8
5807,7
5808,1
5809,9
5810,4
5811,4
5812,1
5813,4
5814,2
5815,5
5816,4
5817,4
5818,2
5819,4
5820,2
5821,4
5822,7
5823,9
5824,8
5825,4
5826,4
5827,5
5828,9
5829,1
5830,4
5831,5
5832,2
5833,10
5834,4
5835,4
5836,1
5837,1
5838,7
5839,7
5840,2
5841,1
5842,7
5843,1
5844,9
5845,6
5846,3
5847,6
5848,1
5849,1
5850,4
5851,1
5852,1
5853,4
5854,4
5855,4
5856,4
5857,7
5858,4
5859,1
5860,7
5861,4
5862,6
5863,1
5864,4
5865,5
5866,4
5867,1
5868,6
5869,4
5870,1
5871,1
5872,1
5873,8
5874,6
5875,4
5876,2
5877,2
5878,4
5879,4
5880,2
5881,1
5882,4
5883,1
5884,4
5885,1
5886,6
5887,6
5888,1
5889,1
5890,9
5891,1
5892,1
5893,4
5894,1
5895,9
5896,5
5897,4
5898,8
5899,6
5900,8
5901,4
5902,3
5903,7
5904,4
5905,1
5906,4
5907,4
5908,1
5909,3
5910,9
5911,8
5912,4
5913,1
5914,1
5915,5
5916,8
5917,4
5918,4
5919,4
5920,3
5921,4
5922,1
5923,5
5924,6
5925,7
5926,7
5927,2
5928,1
5929,2
5930,4
5931,6
5932,4
5933,1
5934,1
5935,8
5936,4
5937,1
5938,6
5939,2
5940,9
5941,4
5942,1
5943,2
5944,5
5945,4
5946,2
5947,2
5948,4
5949,1
5950,9
5951,2
5952,1
5953,2
5954,3
5955,4
5956,6
5957,8
5958,4
5959,4
5960,2
5961,1
5962,4
5963,2
5964,4
5965,1
5966,1
5967,4
5968,1
5969,7
5970,4
5971,1
5972,9
5973,4
5974,2
5975,2
5976,8
5977,1
5978,2
5979,9
5980,2
5981,7
5982,3
5983,4
5984,2
5985,1
5986,2
5987,7
5988,1
5989,1
5990,2
5991,6
5992,4
5993,1
5994,6
5995,7
5996,9
5997,7
5998,2
5999,1
6000,2
6001,1
6002,4
6003,6
6004,7
6005,2
6006,2
6007,2
6008,7
6009,1
6010,1
6011,6
6012,9
6013,2
6014,1
6015,8
6016,2
6017,8
6018,4
6019,2
6020,6
6021,9
6022,5
6023,4
6024,6
6025,1
6026,4
6027,1
6028,1
6029,1
6030,1
6031,8
6032,8
6033,8
6034,5
6035,6
6036,3
6037,4
6038,8
6039,8
6040,2
6041,4
6042,5
6043,9
6044,6
6045,4
6046,2
6047,1
6048,2
6049,5
6050,4
6051,1
6052,2
6053,2
6054,2
6055,8
6056,6
6057,1
6058,1
6059,7
6060,4
6061,1
6062,1
6063,4
6064,6
6065,4
6066,4
6067,6
6068,2
6069,9
6070,2
6071,1
6072,2
6073,9
6074,4
6075,2
6076,4
6077,1
6078,1
6079,4
6080,2
6081,2
6082,4
6083,4
6084,4
6085,4
6086,4
6087,8
6088,4
6089,1
6090,2
6091,1
6092,9
6093,5
6094,1
6095,8
6096,9
6097,4
6098,1
6099,4
6100,6
6101,2
6102,8
6103,7
6104,7
6105,4
6106,1
6107,4
6108,9
6109,8
6110,4
6111,1
6112,5
6113,2
6114,4
6115,2
6116,3
6117,2
6118,6
6119,8
6120,2
6121,1
6122,1
6123,3
6124,1
6125,4
6126,6
6127,4
6128,4
6129,4
6130,1
6131,1
6132,10
6133,1
6134,4
6135,6
6136,4
6137,6
6138,1
6139,4
6140,1
6141,9
6142,5
6143,2
6144,1
6145,1
6146,1
6147,1
6148,4
6149,4
6150,2
6151,4
6152,6
6153,4
6154,5
6155,2
6156,9
6157,10
6158,8
6159,1
6160,3
6161,4
6162,4
6163,1
6164,4
6165,1
6166,5
6167,4
6168,8
6169,8
6170,4
6171,2
6172,4
6173,4
6174,8
6175,5
6176,3
6177,1
6178,1
6179,2
6180,4
6181,1
6182,4
6183,2
6184,2
6185,4
6186,4
6187,9
6188,4
6189,8
6190,5
6191,7
6192,1
6193,4
6194,2
6195,3
6196,2
6197,1
6198,2
6199,7
6200,1
6201,2
6202,9
6203,6
6204,1
6205,4
6206,4
6207,1
6208,7
6209,4
6210,2
6211,6
6212,1
6213,8
6214,6
6215,4
6216,2
6217,4
6218,4
6219,6
6220,4
6221,1
6222,1
6223,9
6224,1
6225,4
6226,1
6227,7
6228,1
6229,2
6230,2
6231,4
6232,2
6233,2
6234,1
6235,1
6236,8
6237,2
6238,1
6239,6
6240,4
6241,1
6242,2
6243,7
6244,4
6245,4
6246,7
6247,2
6248,8
6249,4
6250,4
6251,1
6252,4
6253,8
6254,4
6255,1
6256,4
6257,1
6258,3
6259,4
6260,4
6261,1
6262,3
6263,2
6264,5
6265,2
6266,2
6267,7
6268,1
6269,4
6270,4
6271,7
6272,4
6273,6
6274,4
6275,9
6276,4
6277,2
6278,5
6279,1
6280,1
6281,1
6282,6
6283,2
6284,2
6285,8
6286,4
6287,1
6288,4
6289,3
6290,8
6291,4
6292,1
6293,1
6294,8
6295,2
6296,1
6297,10
6298,2
6299,10
6300,4
6301,5
6302,1
6303,2
6304,4
6305,5
6306,4
6307,1
6308,8
6309,4
6310,6
6311,4
6312,1
6313,9
6314,9
6315,1
6316,10
6317,9
6318,1
6319,1
6320,1
6321,3
6322,4
6323,4
6324,2
6325,5
6326,1
6327,8
6328,1
6329,2
6330,8
6331,1
6332,9
6333,4
6334,4
6335,4
6336,5
6337,1
6338,4
6339,4
6340,4
6341,4
6342,4
6343,3
6344,4
6345,6
6346,2
6347,2
6348,1
6349,1
6350,8
6351,1
6352,6
6353,2
6354,3
6355,3
6356,4
6357,4
6358,2
6359,8
6360,2
6361,4
6362,6
6363,8
6364,9
6365,2
6366,4
6367,7
6368,2
6369,5
6370,2
6371,1
6372,5
6373,6
6374,1
6375,6
6376,1
6377,1
6378,2
6379,2
6380,2
6381,1
6382,1
6383,1
6384,1
6385,1
6386,1
6387,3
6388,4
6389,1
6390,4
6391,4
6392,2
6393,1
6394,4
6395,4
6396,1
6397,4
6398,8
6399,7
6400,3
6401,1
6402,2
6403,4
6404,4
6405,4
6406,4
6407,4
6408,4
6409,4
6410,4
6411,4
6412,4
6413,1
6414,4
6415,1
6416,1
6417,8
6418,1
6419,1
6420,4
6421,1
6422,1
6423,4
6424,2
6425,2
6426,2
6427,2
6428,1
6429,1
6430,2
6431,8
6432,2
6433,2
6434,4
6435,4
6436,4
6437,7
6438,4
6439,4
6440,2
6441,4
6442,4
6443,4
6444,6
6445,1
6446,2
6447,1
6448,6
6449,2
6450,6
6451,1
6452,4
6453,2
6454,4
6455,2
6456,8
6457,2
6458,8
6459,1
6460,1
6461,5
6462,2
6463,5
6464,2
6465,1
6466,4
6467,1
6468,5
6469,2
6470,1
6471,1
6472,1
6473,7
6474,1
6475,7
6476,5
6477,5
6478,3
6479,1
6480,6
6481,6
6482,8
6483,6
6484,2
6485,4
6486,8
6487,2
6488,1
6489,4
6490,7
6491,1
6492,1
6493,4
6494,8
6495,5
6496,1
6497,8
6498,1
6499,4
6500,4
6501,4
6502,1
6503,2
6504,4
6505,2
6506,1
6507,8
6508,4
6509,1
6510,4
6511,1
6512,2
6513,2
6514,1
6515,7
6516,4
6517,7
6518,6
6519,5
6520,4
6521,4
6522,5
6523,1
6524,7
6525,1
6526,9
6527,5
6528,4
6529,4
6530,3
6531,1
6532,1
6533,6
6534,3
6535,4
6536,4
6537,4
6538,4
6539,4
6540,2
6541,1
6542,1
6543,3
6544,4
